Channel;Counts
-249;0
-247;0
-245;0
-243;0
-241;0
-239;0
-237;0
-235;0
-233;0
-231;0
-229;0
-227;0
-225;0
-223;0
-221;0
-219;0
-217;0
-215;0
-213;0
-211;0
-209;0
-207;0
-205;0
-203;0
-201;0
-199;0
-197;0
-195;0
-193;0
-191;0
-189;0
-187;0
-185;0
-183;0
-181;0
-179;0
-177;0
-175;0
-173;0
-171;0
-169;0
-167;0
-165;0
-163;0
-161;0
-159;0
-157;0
-155;0
-153;0
-151;0
-149;0
-147;0
-145;0
-143;0
-141;0
-139;0
-137;0
-135;0
-133;0
-131;0
-129;0
-127;0
-125;0
-123;0
-121;0
-119;0
-117;0
-115;0
-113;0
-111;0
-109;0
-107;0
-105;0
-103;0
-101;0
-99;0
-97;0
-95;0
-93;0
-91;0
-89;0
-87;0
-85;0
-83;0
-81;0
-79;0
-77;0
-75;0
-73;0
-71;0
-69;0
-67;0
-65;0
-63;0
-61;0
-59;0
-57;0
-55;0
-53;0
-51;0
-49;0
-47;0
-45;0
-43;0
-41;0
-39;1
-37;0
-35;0
-33;3
-31;0
-29;0
-27;2
-25;1
-23;0
-21;3
-19;2
-17;2
-15;3
-13;7
-11;4
-9;4
-7;4
-5;4
-3;2
-1;6
1;4
3;11
5;10
7;4
9;4
11;6
13;2
15;0
17;2
19;3
21;0
23;2
25;3
27;2
29;3
31;0
33;1
35;0
37;1
39;0
41;0
43;0
45;0
47;0
49;0
51;0
53;0
55;0
57;0
59;0
61;0
63;0
65;0
67;0
69;0
71;0
73;0
75;0
77;0
79;0
81;0
83;0
85;1
87;0
89;0
91;0
93;1
95;0
97;0
99;0
101;0
103;0
105;0
107;1
109;0
111;0
113;2
115;4
117;1
119;2
121;7
123;5
125;5
127;3
129;14
131;9
133;11
135;16
137;17
139;18
141;20
143;19
145;23
147;26
149;47
151;29
153;35
155;29
157;33
159;40
161;34
163;32
165;38
167;36
169;29
171;39
173;31
175;27
177;17
179;19
181;13
183;14
185;10
187;11
189;6
191;7
193;8
195;7
197;3
199;6
201;5
203;1
205;0
207;2
209;1
211;1
213;0
215;0
217;1
219;1
221;1
223;1
225;1
227;0
229;0
231;0
233;1
235;1
237;2
239;0
241;1
243;0
245;1
247;2
249;0
251;0
253;0
255;0
257;1
259;3
261;2
263;1
265;7
267;4
269;4
271;5
273;11
275;14
277;17
279;17
281;13
283;21
285;20
287;28
289;31
291;44
293;49
295;45
297;57
299;87
301;73
303;98
305;99
307;108
309;107
311;112
313;114
315;137
317;132
319;138
321;115
323;136
325;114
327;115
329;103
331;86
333;69
335;77
337;60
339;62
341;49
343;51
345;53
347;33
349;37
351;31
353;28
355;25
357;16
359;15
361;13
363;13
365;10
367;8
369;9
371;4
373;4
375;4
377;6
379;7
381;4
383;6
385;2
387;1
389;1
391;6
393;1
395;3
397;2
399;1
401;2
403;1
405;1
407;2
409;2
411;2
413;4
415;4
417;7
419;4
421;4
423;10
425;9
427;16
429;18
431;16
433;30
435;29
437;40
439;39
441;54
443;67
445;68
447;86
449;115
451;131
453;137
455;138
457;162
459;171
461;224
463;232
465;239
467;236
469;248
471;288
473;306
475;283
477;274
479;276
481;296
483;281
485;301
487;256
489;213
491;220
493;194
495;206
497;205
499;155
501;141
503;93
505;95
507;78
509;72
511;57
513;59
515;61
517;45
519;28
521;26
523;26
525;25
527;14
529;17
531;14
533;10
535;11
537;15
539;3
541;13
543;20
545;7
547;7
549;14
551;12
553;10
555;10
557;6
559;9
561;11
563;6
565;8
567;17
569;10
571;12
573;13
575;17
577;10
579;20
581;35
583;25
585;29
587;44
589;40
591;50
593;65
595;66
597;96
599;86
601;136
603;150
605;171
607;162
609;238
611;251
613;286
615;282
617;359
619;345
621;394
623;427
625;431
627;478
629;479
631;477
633;460
635;480
637;483
639;471
641;473
643;468
645;439
647;402
649;363
651;359
653;351
655;282
657;278
659;261
661;235
663;188
665;159
667;130
669;146
671;111
673;101
675;75
677;74
679;55
681;45
683;56
685;44
687;46
689;34
691;32
693;38
695;20
697;24
699;23
701;25
703;25
705;22
707;24
709;28
711;22
713;20
715;23
717;24
719;22
721;8
723;20
725;21
727;22
729;29
731;30
733;24
735;34
737;48
739;46
741;39
743;78
745;61
747;83
749;97
751;82
753;126
755;164
757;169
759;189
761;196
763;245
765;282
767;326
769;377
771;400
773;455
775;473
777;496
779;551
781;586
783;555
785;629
787;614
789;681
791;623
793;663
795;695
797;668
799;645
801;623
803;651
805;573
807;569
809;522
811;488
813;426
815;433
817;366
819;363
821;317
823;279
825;228
827;200
829;202
831;165
833;156
835;117
837;120
839;88
841;96
843;84
845;73
847;62
849;57
851;55
853;48
855;58
857;49
859;44
861;40
863;45
865;42
867;53
869;35
871;36
873;32
875;37
877;40
879;46
881;30
883;43
885;49
887;44
889;52
891;49
893;56
895;68
897;49
899;88
901;89
903;89
905;107
907;102
909;132
911;168
913;198
915;237
917;273
919;263
921;338
923;342
925;404
927;467
929;469
931;546
933;565
935;622
937;640
939;697
941;705
943;735
945;747
947;692
949;790
951;812
953;796
955;786
957;730
959;783
961;726
963;663
965;643
967;626
969;578
971;544
973;508
975;485
977;435
979;383
981;358
983;271
985;252
987;255
989;210
991;182
993;142
995;143
997;158
999;130
1001;128
1003;106
1005;81
1007;90
1009;80
1011;69
1013;77
1015;76
1017;62
1019;65
1021;54
1023;55
1025;52
1027;67
1029;56
1031;40
1033;45
1035;60
1037;54
1039;58
1041;51
1043;67
1045;59
1047;62
1049;69
1051;65
1053;88
1055;71
1057;91
1059;114
1061;118
1063;130
1065;162
1067;187
1069;198
1071;226
1073;257
1075;250
1077;307
1079;333
1081;367
1083;438
1085;444
1087;497
1089;551
1091;580
1093;639
1095;614
1097;660
1099;734
1101;764
1103;731
1105;762
1107;841
1109;782
1111;764
1113;757
1115;767
1117;722
1119;752
1121;687
1123;683
1125;641
1127;610
1129;559
1131;507
1133;464
1135;439
1137;403
1139;370
1141;337
1143;321
1145;272
1147;267
1149;234
1151;205
1153;183
1155;167
1157;169
1159;125
1161;127
1163;124
1165;111
1167;98
1169;96
1171;99
1173;92
1175;77
1177;90
1179;82
1181;60
1183;72
1185;69
1187;74
1189;82
1191;61
1193;70
1195;82
1197;81
1199;74
1201;83
1203;82
1205;83
1207;82
1209;82
1211;68
1213;87
1215;101
1217;128
1219;115
1221;142
1223;166
1225;177
1227;213
1229;227
1231;233
1233;280
1235;278
1237;346
1239;328
1241;415
1243;404
1245;434
1247;521
1249;525
1251;551
1253;560
1255;682
1257;672
1259;669
1261;647
1263;676
1265;719
1267;731
1269;711
1271;681
1273;668
1275;641
1277;630
1279;616
1281;572
1283;524
1285;509
1287;487
1289;494
1291;443
1293;401
1295;392
1297;361
1299;303
1301;287
1303;250
1305;229
1307;236
1309;200
1311;182
1313;181
1315;159
1317;124
1319;133
1321;127
1323;109
1325;108
1327;89
1329;89
1331;77
1333;80
1335;86
1337;81
1339;75
1341;76
1343;74
1345;63
1347;70
1349;73
1351;63
1353;76
1355;80
1357;76
1359;75
1361;78
1363;83
1365;71
1367;93
1369;104
1371;98
1373;102
1375;105
1377;113
1379;146
1381;159
1383;163
1385;205
1387;176
1389;212
1391;263
1393;241
1395;277
1397;293
1399;311
1401;344
1403;374
1405;375
1407;386
1409;426
1411;490
1413;517
1415;490
1417;485
1419;558
1421;525
1423;543
1425;536
1427;576
1429;546
1431;557
1433;496
1435;451
1437;487
1439;441
1441;442
1443;423
1445;429
1447;367
1449;371
1451;342
1453;301
1455;264
1457;263
1459;233
1461;223
1463;211
1465;195
1467;195
1469;155
1471;139
1473;141
1475;121
1477;118
1479;130
1481;107
1483;87
1485;97
1487;96
1489;67
1491;70
1493;75
1495;64
1497;63
1499;65
1501;66
1503;63
1505;73
1507;66
1509;65
1511;71
1513;55
1515;54
1517;83
1519;64
1521;69
1523;65
1525;72
1527;71
1529;84
1531;84
1533;102
1535;127
1537;116
1539;141
1541;156
1543;157
1545;170
1547;161
1549;190
1551;184
1553;222
1555;226
1557;259
1559;263
1561;284
1563;297
1565;291
1567;313
1569;347
1571;358
1573;357
1575;349
1577;362
1579;365
1581;404
1583;404
1585;401
1587;366
1589;355
1591;353
1593;354
1595;321
1597;317
1599;304
1601;280
1603;295
1605;271
1607;262
1609;283
1611;212
1613;215
1615;220
1617;195
1619;184
1621;174
1623;134
1625;146
1627;122
1629;120
1631;118
1633;98
1635;92
1637;92
1639;89
1641;90
1643;62
1645;64
1647;68
1649;58
1651;66
1653;58
1655;56
1657;53
1659;53
1661;50
1663;59
1665;39
1667;57
1669;48
1671;54
1673;49
1675;43
1677;60
1679;57
1681;52
1683;65
1685;76
1687;67
1689;74
1691;68
1693;94
1695;83
1697;88
1699;101
1701;111
1703;122
1705;110
1707;133
1709;138
1711;158
1713;171
1715;161
1717;163
1719;165
1721;190
1723;205
1725;240
1727;199
1729;233
1731;240
1733;216
1735;229
1737;243
1739;262
1741;252
1743;254
1745;255
1747;242
1749;234
1751;239
1753;232
1755;217
1757;193
1759;190
1761;184
1763;156
1765;173
1767;165
1769;159
1771;153
1773;146
1775;139
1777;131
1779;108
1781;108
1783;88
1785;94
1787;80
1789;71
1791;63
1793;73
1795;67
1797;58
1799;54
1801;53
1803;55
1805;44
1807;59
1809;49
1811;52
1813;37
1815;34
1817;38
1819;47
1821;28
1823;48
1825;37
1827;36
1829;46
1831;41
1833;45
1835;39
1837;52
1839;47
1841;54
1843;47
1845;52
1847;50
1849;45
1851;64
1853;57
1855;54
1857;72
1859;79
1861;94
1863;68
1865;94
1867;79
1869;95
1871;113
1873;106
1875;91
1877;123
1879;118
1881;129
1883;135
1885;130
1887;117
1889;145
1891;148
1893;139
1895;129
1897;131
1899;131
1901;122
1903;136
1905;134
1907;140
1909;145
1911;108
1913;125
1915;126
1917;104
1919;96
1921;112
1923;84
1925;99
1927;99
1929;87
1931;88
1933;73
1935;68
1937;62
1939;70
1941;63
1943;47
1945;55
1947;55
1949;52
1951;44
1953;47
1955;34
1957;35
1959;32
1961;27
1963;34
1965;25
1967;34
1969;34
1971;34
1973;23
1975;37
1977;33
1979;20
1981;26
1983;29
1985;36
1987;32
1989;35
1991;24
1993;27
1995;44
1997;24
1999;30
2001;30
2003;36
2005;38
2007;29
2009;29
2011;40
2013;43
2015;47
2017;38
2019;50
2021;52
2023;60
2025;55
2027;51
2029;67
2031;60
2033;55
2035;79
2037;68
2039;82
2041;69
2043;60
2045;77
2047;82
2049;76
2051;77
2053;73
2055;85
2057;72
2059;85
2061;79
2063;81
2065;71
2067;81
2069;87
2071;69
2073;68
2075;73
2077;57
2079;56
2081;48
2083;53
2085;56
2087;48
2089;46
2091;24
2093;40
2095;45
2097;48
2099;34
2101;30
2103;31
2105;30
2107;30
2109;17
2111;26
2113;24
2115;24
2117;18
2119;9
2121;16
2123;26
2125;25
2127;11
2129;12
2131;12
2133;15
2135;17
2137;15
2139;21
2141;16
2143;20
2145;11
2147;12
2149;25
2151;22
2153;15
2155;18
2157;20
2159;22
2161;26
2163;16
2165;22
2167;22
2169;24
2171;25
2173;34
2175;26
2177;29
2179;28
2181;31
2183;29
2185;31
2187;22
2189;34
2191;31
2193;41
2195;55
2197;40
2199;40
2201;48
2203;45
2205;26
2207;31
2209;38
2211;39
2213;39
2215;52
2217;42
2219;48
2221;41
2223;35
2225;40
2227;29
2229;30
2231;39
2233;29
2235;33
2237;32
2239;18
2241;30
2243;16
2245;18
2247;25
2249;33
2251;16
2253;16
2255;15
2257;16
2259;19
2261;13
2263;14
2265;14
2267;12
2269;9
2271;15
2273;11
2275;12
2277;10
2279;9
2281;6
2283;12
2285;16
2287;9
2289;8
2291;8
2293;11
2295;8
2297;9
2299;5
2301;7
2303;10
2305;10
2307;7
2309;13
2311;9
2313;8
2315;10
2317;13
2319;10
2321;11
2323;6
2325;14
2327;8
2329;12
2331;12
2333;22
2335;14
2337;13
2339;9
2341;10
2343;13
2345;14
2347;21
2349;16
2351;12
2353;10
2355;21
2357;19
2359;28
2361;14
2363;17
2365;17
2367;19
2369;18
2371;25
2373;21
2375;13
2377;21
2379;18
2381;20
2383;21
2385;14
2387;21
2389;15
2391;10
2393;21
2395;12
2397;8
2399;11
2401;12
2403;9
2405;19
2407;10
2409;7
2411;9
2413;7
2415;5
2417;12
2419;7
2421;10
2423;9
2425;7
2427;5
2429;7
2431;5
2433;5
2435;5
2437;4
2439;4
2441;2
2443;4
2445;5
2447;4
2449;5
2451;2
2453;4
2455;2
2457;1
2459;3
2461;5
2463;4
2465;4
2467;4
2469;3
2471;4
2473;3
2475;5
2477;7
2479;3
2481;8
2483;5
2485;8
2487;7
2489;7
2491;3
2493;13
2495;8
2497;5
2499;8
2501;11
2503;9
2505;4
2507;10
2509;6
2511;6
2513;10
2515;9
2517;9
2519;5
2521;4
2523;6
2525;7
2527;5
2529;8
2531;8
2533;11
2535;12
2537;9
2539;12
2541;6
2543;5
2545;9
2547;10
2549;6
2551;4
2553;5
2555;4
2557;9
2559;5
2561;10
2563;2
2565;3
2567;6
2569;6
2571;5
2573;5
2575;2
2577;6
2579;6
2581;3
2583;3
2585;5
2587;6
2589;3
2591;3
2593;1
2595;2
2597;1
2599;2
2601;4
2603;5
2605;0
2607;0
2609;1
2611;5
2613;3
2615;5
2617;3
2619;8
2621;1
2623;3
2625;2
2627;0
2629;4
2631;2
2633;1
2635;1
2637;1
2639;2
2641;3
2643;6
2645;4
2647;3
2649;4
2651;4
2653;4
2655;4
2657;4
2659;7
2661;9
2663;0
2665;3
2667;1
2669;6
2671;6
2673;0
2675;6
2677;2
2679;6
2681;4
2683;1
2685;2
2687;4
2689;7
2691;6
2693;3
2695;4
2697;2
2699;3
2701;7
2703;4
2705;3
2707;2
2709;5
2711;5
2713;2
2715;0
2717;3
2719;5
2721;2
2723;2
2725;1
2727;2
2729;1
2731;2
2733;1
2735;3
2737;1
2739;2
2741;1
2743;3
2745;1
2747;3
2749;0
2751;0
2753;0
2755;0
2757;2
2759;0
2761;3
2763;1
2765;2
2767;1
2769;1
2771;1
2773;1
2775;0
2777;1
2779;1
2781;1
2783;2
2785;3
2787;1
2789;3
2791;0
2793;2
2795;3
2797;1
2799;1
2801;2
2803;2
2805;0
2807;2
2809;1
2811;1
2813;1
2815;2
2817;3
2819;4
2821;2
2823;1
2825;6
2827;7
2829;1
2831;1
2833;4
2835;3
2837;2
2839;2
2841;2
2843;0
2845;1
2847;0
2849;1
2851;1
2853;2
2855;0
2857;1
2859;1
2861;2
2863;4
2865;1
2867;2
2869;1
2871;1
2873;0
2875;0
2877;0
2879;0
2881;0
2883;1
2885;0
2887;0
2889;1
2891;0
2893;0
2895;0
2897;0
2899;2
2901;0
2903;0
2905;2
2907;0
2909;0
2911;0
2913;0
2915;0
2917;0
2919;2
2921;0
2923;1
2925;0
2927;0
2929;1
2931;0
2933;0
2935;0
2937;1
2939;0
2941;1
2943;0
2945;1
2947;1
2949;2
2951;2
2953;0
2955;1
2957;0
2959;1
2961;1
2963;0
2965;1
2967;0
2969;0
2971;0
2973;0
2975;0
2977;0
2979;1
2981;0
2983;0
2985;1
2987;1
2989;0
2991;0
2993;3
2995;0
2997;0
2999;0
3001;0
3003;0
3005;0
3007;2
3009;2
3011;0
3013;0
3015;1
3017;1
3019;0
3021;0
3023;0
3025;4
3027;0
3029;1
3031;0
3033;1
3035;0
3037;0
3039;1
3041;1
3043;0
3045;0
3047;0
3049;0
3051;0
3053;0
3055;0
3057;1
3059;0
3061;0
3063;0
3065;0
3067;1
3069;0
3071;0
3073;0
3075;0
3077;0
3079;1
3081;0
3083;1
3085;0
3087;0
3089;0
3091;0
3093;0
3095;0
3097;0
3099;0
3101;0
3103;0
3105;0
3107;0
3109;0
3111;0
3113;0
3115;0
3117;0
3119;0
3121;0
3123;0
3125;0
3127;2
3129;0
3131;0
3133;1
3135;0
3137;0
3139;0
3141;2
3143;0
3145;0
3147;0
3149;0
3151;0
3153;1
3155;1
3157;0
3159;1
3161;0
3163;1
3165;0
3167;0
3169;0
3171;1
3173;0
3175;0
3177;0
3179;0
3181;0
3183;0
3185;0
3187;1
3189;0
3191;0
3193;0
3195;0
3197;0
3199;0
3201;0
3203;0
3205;0
3207;0
3209;0
3211;0
3213;0
3215;0
3217;0
3219;0
3221;0
3223;0
3225;0
3227;0
3229;0
3231;0
3233;0
3235;0
3237;0
3239;0
3241;0
3243;0
3245;0
3247;0
3249;0
3251;0
3253;0
3255;0
3257;0
3259;0
3261;0
3263;0
3265;0
3267;0
3269;0
3271;0
3273;0
3275;0
3277;0
3279;0
3281;0
3283;0
3285;0
3287;0
3289;0
3291;0
3293;0
3295;0
3297;0
3299;0
3301;0
3303;0
3305;0
3307;1
3309;0
3311;0
3313;0
3315;0
3317;0
3319;0
3321;0
3323;0
3325;0
3327;0
3329;0
3331;1
3333;0
3335;0
3337;0
3339;0
3341;0
3343;0
3345;1
3347;0
3349;0
3351;0
3353;0
3355;0
3357;0
3359;0
3361;0
3363;0
3365;0
3367;0
3369;0
3371;0
3373;0
3375;0
3377;0
3379;0
3381;0
3383;0
3385;0
3387;0
3389;0
3391;0
3393;1
3395;0
3397;0
3399;0
3401;0
3403;0
3405;0
3407;0
3409;0
3411;0
3413;0
3415;0
3417;0
3419;0
3421;0
3423;0
3425;0
3427;0
3429;0
3431;0
3433;0
3435;0
3437;0
3439;0
3441;0
3443;0
3445;0
3447;0
3449;0
3451;0
3453;0
3455;0
3457;1
3459;0
3461;1
3463;0
3465;0
3467;0
3469;0
3471;0
3473;0
3475;0
3477;0
3479;0
3481;0
3483;0
3485;0
3487;0
3489;0
3491;1
3493;0
3495;0
3497;0
3499;0
3501;0
3503;0
3505;0
3507;0
3509;0
3511;0
3513;0
3515;0
3517;0
3519;0
3521;0
3523;0
3525;0
3527;0
3529;0
3531;0
3533;0
3535;0
3537;0
3539;0
3541;0
3543;0
3545;0
3547;0
3549;0
3551;0
3553;0
3555;0
3557;0
3559;0
3561;0
3563;0
3565;0
3567;1
3569;0
3571;0
3573;0
3575;0
3577;0
3579;0
3581;0
3583;0
3585;0
3587;0
3589;0
3591;0
3593;0
3595;0
3597;0
3599;0
3601;0
3603;0
3605;0
3607;0
3609;0
3611;0
3613;0
3615;0
3617;0
3619;0
3621;1
3623;0
3625;0
3627;2
3629;0
3631;0
3633;0
3635;0
3637;0
3639;0
3641;0
3643;0
3645;0
3647;0
3649;0
3651;0
3653;0
3655;0
3657;0
3659;0
3661;0
3663;0
3665;0
3667;0
3669;0
3671;0
3673;0
3675;0
3677;0
3679;0
3681;0
3683;0
3685;0
3687;0
3689;0
3691;0
3693;0
3695;0
3697;0
3699;0
3701;0
3703;0
3705;0
3707;0
3709;0
3711;0
3713;0
3715;0
3717;0
3719;0
3721;0
3723;0
3725;0
3727;0
3729;0
3731;0
3733;0
3735;0
3737;0
3739;0
3741;0
3743;0
3745;0
3747;0
3749;0
3751;0
3753;0
3755;0
3757;0
3759;0
3761;0
3763;0
3765;0
3767;0
3769;0
3771;0
3773;0
3775;0
3777;0
3779;0
3781;0
3783;0
3785;0
3787;0
3789;0
3791;0
3793;0
3795;0
3797;0
3799;0
3801;0
3803;0
3805;0
3807;0
3809;0
3811;0
3813;0
3815;0
3817;0
3819;0
3821;0
3823;0
3825;0
3827;0
3829;0
3831;0
3833;0
3835;0
3837;0
3839;0
3841;0
3843;0
3845;0
3847;0
3849;0
3851;0
3853;0
3855;0
3857;0
3859;0
3861;0
3863;0
3865;0
3867;0
3869;0
3871;0
3873;0
3875;0
3877;0
3879;0
3881;0
3883;0
3885;0
3887;0
3889;0
3891;0
3893;0
3895;0
3897;0
3899;0
3901;0
3903;0
3905;0
3907;0
3909;0
3911;0
3913;0
3915;0
3917;0
3919;0
3921;0
3923;0
3925;0
3927;0
3929;0
3931;0
3933;0
3935;0
3937;0
3939;0
3941;0
3943;0
3945;0
3947;0
3949;0
3951;0
3953;0
3955;0
3957;0
3959;0
3961;0
3963;0
3965;0
3967;0
3969;0
3971;0
3973;0
3975;0
3977;0
3979;0
3981;0
3983;0
3985;0
3987;0
3989;0
3991;0
3993;0
3995;0
3997;0
3999;0
4001;0
4003;0
4005;0
4007;0
4009;0
4011;0
4013;0
4015;0
4017;0
4019;0
4021;0
4023;0
4025;0
4027;0
4029;0
4031;0
4033;0
4035;0
4037;0
4039;0
4041;0
4043;0
4045;0
4047;0
4049;0
4051;0
4053;0
4055;0
4057;0
4059;0
4061;0
4063;0
4065;0
4067;0
4069;0
4071;0
4073;0
4075;0
4077;0
4079;0
4081;0
4083;0
4085;0
4087;0
4089;0
4091;0
4093;0
4095;0
4097;0
4099;0
4101;0
4103;0
4105;0
4107;0
4109;0
4111;0
4113;0
4115;0
4117;0
4119;0
4121;0
4123;0
4125;0
4127;0
4129;0
4131;0
4133;0
4135;0
4137;0
4139;0
4141;0
4143;0
4145;0
4147;0
4149;0
4151;0
4153;0
4155;0
4157;0
4159;0
4161;0
4163;0
4165;0
4167;0
4169;0
4171;0
4173;0
4175;0
4177;0
4179;0
4181;0
4183;0
4185;0
4187;0
4189;0
4191;0
4193;0
4195;0
4197;0
4199;0
4201;0
4203;0
4205;0
4207;0
4209;0
4211;0
4213;0
4215;0
4217;0
4219;0
4221;0
4223;0
4225;0
4227;0
4229;0
4231;0
4233;0
4235;0
4237;0
4239;0
4241;0
4243;0
4245;0
4247;0
4249;0
4251;0
4253;0
4255;0
4257;0
4259;0
4261;0
4263;0
4265;0
4267;0
4269;0
4271;0
4273;0
4275;0
4277;0
4279;0
4281;0
4283;0
4285;0
4287;0
4289;0
4291;0
4293;0
4295;0
4297;0
4299;0
4301;0
4303;0
4305;0
4307;0
4309;0
4311;0
4313;0
4315;0
4317;0
4319;0
4321;0
4323;0
4325;0
4327;0
4329;0
4331;0
4333;0
4335;0
4337;0
4339;0
4341;0
4343;0
4345;0
4347;0
4349;0
4351;0
4353;0
4355;0
4357;0
4359;0
4361;0
4363;0
4365;0
4367;0
4369;0
4371;0
4373;0
4375;0
4377;0
4379;0
4381;0
4383;0
4385;0
4387;0
4389;0
4391;0
4393;0
4395;0
4397;0
4399;0
4401;0
4403;0
4405;0
4407;0
4409;0
4411;0
4413;0
4415;0
4417;0
4419;0
4421;0
4423;0
4425;0
4427;0
4429;0
4431;0
4433;0
4435;0
4437;0
4439;0
4441;0
4443;0
4445;0
4447;0
4449;0
4451;0
4453;0
4455;0
4457;0
4459;0
4461;0
4463;0
4465;0
4467;0
4469;0
4471;0
4473;0
4475;0
4477;0
4479;0
4481;0
4483;0
4485;0
4487;0
4489;0
4491;0
4493;0
4495;0
4497;0
4499;0
4501;0
4503;0
4505;0
4507;0
4509;0
4511;0
4513;0
4515;0
4517;0
4519;0
4521;0
4523;0
4525;0
4527;0
4529;0
4531;0
4533;0
4535;0
4537;0
4539;0
4541;0
4543;0
4545;0
4547;0
4549;0
4551;0
4553;0
4555;0
4557;0
4559;0
4561;0
4563;0
4565;0
4567;0
4569;0
4571;0
4573;0
4575;0
4577;0
4579;0
4581;0
4583;0
4585;0
4587;0
4589;0
4591;0
4593;0
4595;0
4597;0
4599;0
4601;0
4603;0
4605;0
4607;0
4609;0
4611;0
4613;0
4615;0
4617;0
4619;0
4621;0
4623;0
4625;0
4627;0
4629;0
4631;0
4633;0
4635;0
4637;0
4639;0
4641;0
4643;0
4645;0
4647;0
4649;0
4651;0
4653;0
4655;0
4657;0
4659;0
4661;0
4663;0
4665;0
4667;0
4669;0
4671;0
4673;0
4675;0
4677;0
4679;0
4681;0
4683;0
4685;0
4687;0
4689;0
4691;0
4693;0
4695;0
4697;0
4699;0
4701;0
4703;0
4705;0
4707;0
4709;0
4711;0
4713;0
4715;0
4717;0
4719;0
4721;0
4723;0
4725;0
4727;0
4729;0
4731;0
4733;0
4735;0
4737;0
4739;0
4741;0
4743;0
4745;0
4747;0
4749;0
4751;0
4753;0
4755;0
4757;0
4759;0
4761;0
4763;0
4765;0
4767;0
4769;0
4771;0
4773;0
4775;0
4777;0
4779;0
4781;0
4783;0
4785;0
4787;0
4789;0
4791;0
4793;0
4795;0
4797;0
4799;0
4801;0
4803;0
4805;0
4807;0
4809;0
4811;0
4813;0
4815;0
4817;0
4819;0
4821;0
4823;0
4825;0
4827;0
4829;0
4831;0
4833;0
4835;0
4837;0
4839;0
4841;0
4843;0
4845;0
4847;0
4849;0
4851;0
4853;0
4855;0
4857;0
4859;0
4861;0
4863;0
4865;0
4867;0
4869;0
4871;0
4873;0
4875;0
4877;0
4879;0
4881;0
4883;0
4885;0
4887;0
4889;0
4891;0
4893;0
4895;0
4897;0
4899;0
4901;0
4903;0
4905;0
4907;0
4909;0
4911;0
4913;0
4915;0
4917;0
4919;0
4921;0
4923;0
4925;0
4927;0
4929;0
4931;0
4933;0
4935;0
4937;0
4939;0
4941;0
4943;0
4945;0
4947;0
4949;0
4951;0
4953;0
4955;0
4957;0
4959;0
4961;0
4963;0
4965;0
4967;0
4969;0
4971;0
4973;0
4975;0
4977;0
4979;0
4981;0
4983;0
4985;0
4987;0
4989;0
4991;0
4993;0
4995;0
4997;0
4999;0
5001;0
5003;0
5005;0
5007;0
5009;0
5011;0
5013;0
5015;0
5017;0
5019;0
5021;0
5023;0
5025;0
5027;0
5029;0
5031;0
5033;0
5035;0
5037;0
5039;0
5041;0
5043;0
5045;0
5047;0
5049;0
5051;0
5053;0
5055;0
5057;0
5059;0
5061;0
5063;0
5065;0
5067;0
5069;0
5071;0
5073;0
5075;0
5077;0
5079;0
5081;0
5083;0
5085;0
5087;0
5089;0
5091;0
5093;0
5095;0
5097;0
5099;0
5101;0
5103;0
5105;0
5107;0
5109;0
5111;0
5113;0
5115;0
5117;0
5119;0
5121;0
5123;0
5125;0
5127;0
5129;0
5131;0
5133;0
5135;0
5137;0
5139;0
5141;0
5143;0
5145;0
5147;0
5149;0
5151;0
5153;0
5155;0
5157;0
5159;0
5161;0
5163;0
5165;0
5167;0
5169;0
5171;0
5173;0
5175;0
5177;0
5179;0
5181;0
5183;0
5185;0
5187;0
5189;0
5191;0
5193;0
5195;0
5197;0
5199;0
5201;0
5203;0
5205;0
5207;0
5209;0
5211;0
5213;0
5215;0
5217;0
5219;0
5221;0
5223;0
5225;0
5227;0
5229;0
5231;0
5233;0
5235;0
5237;0
5239;0
5241;0
5243;0
5245;0
5247;0
5249;0
5251;0
5253;0
5255;0
5257;0
5259;0
5261;0
5263;0
5265;0
5267;0
5269;0
5271;0
5273;0
5275;0
5277;0
5279;0
5281;0
5283;0
5285;0
5287;0
5289;0
5291;0
5293;0
5295;0
5297;0
5299;0
5301;0
5303;0
5305;0
5307;0
5309;0
5311;0
5313;0
5315;0
5317;0
5319;0
5321;0
5323;0
5325;0
5327;0
5329;0
5331;0
5333;0
5335;0
5337;0
5339;0
5341;0
5343;0
5345;0
5347;0
5349;0
5351;0
5353;0
5355;0
5357;0
5359;0
5361;0
5363;0
5365;0
5367;0
5369;0
5371;0
5373;0
5375;0
5377;0
5379;0
5381;0
5383;0
5385;0
5387;0
5389;0
5391;0
5393;0
5395;0
5397;0
5399;0
5401;0
5403;0
5405;0
5407;0
5409;0
5411;0
5413;0
5415;0
5417;0
5419;0
5421;0
5423;0
5425;0
5427;0
5429;0
5431;0
5433;0
5435;0
5437;0
5439;0
5441;0
5443;0
5445;0
5447;0
5449;0
5451;0
5453;0
5455;0
5457;0
5459;0
5461;0
5463;0
5465;0
5467;0
5469;0
5471;0
5473;0
5475;0
5477;0
5479;0
5481;0
5483;0
5485;0
5487;0
5489;0
5491;0
5493;0
5495;0
5497;0
5499;0
5501;0
5503;0
5505;0
5507;0
5509;0
5511;0
5513;0
5515;0
5517;0
5519;0
5521;0
5523;0
5525;0
5527;0
5529;0
5531;0
5533;0
5535;0
5537;0
5539;0
5541;0
5543;0
5545;0
5547;0
5549;0
5551;0
5553;0
5555;0
5557;0
5559;0
5561;0
5563;0
5565;0
5567;0
5569;0
5571;0
5573;0
5575;0
5577;0
5579;0
5581;0
5583;0
5585;0
5587;0
5589;0
5591;0
5593;0
5595;0
5597;0
5599;0
5601;0
5603;0
5605;0
5607;0
5609;0
5611;0
5613;0
5615;0
5617;0
5619;0
5621;0
5623;0
5625;0
5627;0
5629;0
5631;0
5633;0
5635;0
5637;0
5639;0
5641;0
5643;0
5645;0
5647;0
5649;0
5651;0
5653;0
5655;0
5657;0
5659;0
5661;0
5663;0
5665;0
5667;0
5669;0
5671;0
5673;0
5675;0
5677;0
5679;0
5681;0
5683;0
5685;0
5687;0
5689;0
5691;0
5693;0
5695;0
5697;0
5699;0
5701;0
5703;0
5705;0
5707;0
5709;0
5711;0
5713;0
5715;0
5717;0
5719;0
5721;0
5723;0
5725;0
5727;0
5729;0
5731;0
5733;0
5735;0
5737;0
5739;0
5741;0
5743;0
5745;0
5747;0
5749;0
5751;0
5753;0
5755;0
5757;0
5759;0
5761;0
5763;0
5765;0
5767;0
5769;0
5771;0
5773;0
5775;0
5777;0
5779;0
5781;0
5783;0
5785;0
5787;0
5789;0
5791;0
5793;0
5795;0
5797;0
5799;0
5801;0
5803;0
5805;0
5807;0
5809;0
5811;0
5813;0
5815;0
5817;0
5819;0
5821;0
5823;0
5825;0
5827;0
5829;0
5831;0
5833;0
5835;0
5837;0
5839;0
5841;0
5843;0
5845;0
5847;0
5849;0
5851;0
5853;0
5855;0
5857;0
5859;0
5861;0
5863;0
5865;0
5867;0
5869;0
5871;0
5873;0
5875;0
5877;0
5879;0
5881;0
5883;0
5885;0
5887;0
5889;0
5891;0
5893;0
5895;0
5897;0
5899;0
5901;0
5903;0
5905;0
5907;0
5909;0
5911;0
5913;0
5915;0
5917;0
5919;0
5921;0
5923;0
5925;0
5927;0
5929;0
5931;0
5933;0
5935;0
5937;0
5939;0
5941;0
5943;0
5945;0
5947;0
5949;0
5951;0
5953;0
5955;0
5957;0
5959;0
5961;0
5963;0
5965;0
5967;0
5969;0
5971;0
5973;0
5975;0
5977;0
5979;0
5981;0
5983;0
5985;0
5987;0
5989;0
5991;0
5993;0
5995;0
5997;0
5999;0
6001;0
6003;0
6005;0
6007;0
6009;0
6011;0
6013;0
6015;0
6017;0
6019;0
6021;0
6023;0
6025;0
6027;0
6029;0
6031;0
6033;0
6035;0
6037;0
6039;0
6041;0
6043;0
6045;0
6047;0
6049;0
6051;0
6053;0
6055;0
6057;0
6059;0
6061;0
6063;0
6065;0
6067;0
6069;0
6071;0
6073;0
6075;0
6077;0
6079;0
6081;0
6083;0
6085;0
6087;0
6089;0
6091;0
6093;0
6095;0
6097;0
6099;0
6101;0
6103;0
6105;0
6107;0
6109;0
6111;0
6113;0
6115;0
6117;0
6119;0
6121;0
6123;0
6125;0
6127;0
6129;0
6131;0
6133;0
6135;0
6137;0
6139;0
6141;0
6143;0
6145;0
6147;0
6149;0
6151;0
6153;0
6155;0
6157;0
6159;0
6161;0
6163;0
6165;0
6167;0
6169;0
6171;0
6173;0
6175;0
6177;0
6179;0
6181;0
6183;0
6185;0
6187;0
6189;0
6191;0
6193;0
6195;0
6197;0
6199;0
6201;0
6203;0
6205;0
6207;0
6209;0
6211;0
6213;0
6215;0
6217;0
6219;0
6221;0
6223;0
6225;0
6227;0
6229;0
6231;0
6233;0
6235;0
6237;0
6239;0
6241;0
6243;0
6245;0
6247;0
6249;0
6251;0
6253;0
6255;0
6257;0
6259;0
6261;0
6263;0
6265;0
6267;0
6269;0
6271;0
6273;0
6275;0
6277;0
6279;0
6281;0
6283;0
6285;0
6287;0
6289;0
6291;0
6293;0
6295;0
6297;0
6299;0
6301;0
6303;0
6305;0
6307;0
6309;0
6311;0
6313;0
6315;0
6317;0
6319;0
6321;0
6323;0
6325;0
6327;0
6329;0
6331;0
6333;0
6335;0
6337;0
6339;0
6341;0
6343;0
6345;0
6347;0
6349;0
6351;0
6353;0
6355;0
6357;0
6359;0
6361;0
6363;0
6365;0
6367;0
6369;0
6371;0
6373;0
6375;0
6377;0
6379;0
6381;0
6383;0
6385;0
6387;0
6389;0
6391;0
6393;0
6395;0
6397;0
6399;0
6401;0
6403;0
6405;0
6407;0
6409;0
6411;0
6413;0
6415;0
6417;0
6419;0
6421;0
6423;0
6425;0
6427;0
6429;0
6431;0
6433;0
6435;0
6437;0
6439;0
6441;0
6443;0
6445;0
6447;0
6449;0
6451;0
6453;0
6455;0
6457;0
6459;0
6461;0
6463;0
6465;0
6467;0
6469;0
6471;0
6473;0
6475;0
6477;0
6479;0
6481;0
6483;0
6485;0
6487;0
6489;0
6491;0
6493;0
6495;0
6497;0
6499;0
6501;0
6503;0
6505;0
6507;0
6509;0
6511;0
6513;0
6515;0
6517;0
6519;0
6521;0
6523;0
6525;0
6527;0
6529;0
6531;0
6533;0
6535;0
6537;0
6539;0
6541;0
6543;0
6545;0
6547;0
6549;0
6551;0
6553;0
6555;0
6557;0
6559;0
6561;0
6563;0
6565;0
6567;0
6569;0
6571;0
6573;0
6575;0
6577;0
6579;0
6581;0
6583;0
6585;0
6587;0
6589;0
6591;0
6593;0
6595;0
6597;0
6599;0
6601;0
6603;0
6605;0
6607;0
6609;0
6611;0
6613;0
6615;0
6617;0
6619;0
6621;0
6623;0
6625;0
6627;0
6629;0
6631;0
6633;0
6635;0
6637;0
6639;0
6641;0
6643;0
6645;0
6647;0
6649;0
6651;0
6653;0
6655;0
6657;0
6659;0
6661;0
6663;0
6665;0
6667;0
6669;0
6671;0
6673;0
6675;0
6677;0
6679;0
6681;0
6683;0
6685;0
6687;0
6689;0
6691;0
6693;0
6695;0
6697;0
6699;0
6701;0
6703;0
6705;0
6707;0
6709;0
6711;0
6713;0
6715;0
6717;0
6719;0
6721;0
6723;0
6725;0
6727;0
6729;0
6731;0
6733;0
6735;0
6737;0
6739;0
6741;0
6743;0
6745;0
6747;0
6749;0
6751;0
6753;0
6755;0
6757;0
6759;0
6761;0
6763;0
6765;0
6767;0
6769;0
6771;0
6773;0
6775;0
6777;0
6779;0
6781;0
6783;0
6785;0
6787;0
6789;0
6791;0
6793;0
6795;0
6797;0
6799;0
6801;0
6803;0
6805;0
6807;0
6809;0
6811;0
6813;0
6815;0
6817;0
6819;0
6821;0
6823;0
6825;0
6827;0
6829;0
6831;0
6833;0
6835;0
6837;0
6839;0
6841;0
6843;0
6845;0
6847;0
6849;0
6851;0
6853;0
6855;0
6857;0
6859;0
6861;0
6863;0
6865;0
6867;0
6869;0
6871;0
6873;0
6875;0
6877;0
6879;0
6881;0
6883;0
6885;0
6887;0
6889;0
6891;0
6893;0
6895;0
6897;0
6899;0
6901;0
6903;0
6905;0
6907;0
6909;0
6911;0
6913;0
6915;0
6917;0
6919;0
6921;0
6923;0
6925;0
6927;0
6929;0
6931;0
6933;0
6935;0
6937;0
6939;0
6941;0
6943;0
6945;0
6947;0
6949;0
6951;0
6953;0
6955;0
6957;0
6959;0
6961;0
6963;0
6965;0
6967;0
6969;0
6971;0
6973;0
6975;0
6977;0
6979;0
6981;0
6983;0
6985;0
6987;0
6989;0
6991;0
6993;0
6995;0
6997;0
6999;0
7001;0
7003;0
7005;0
7007;0
7009;0
7011;0
7013;0
7015;0
7017;0
7019;0
7021;0
7023;0
7025;0
7027;0
7029;0
7031;0
7033;0
7035;0
7037;0
7039;0
7041;0
7043;0
7045;0
7047;0
7049;0
7051;0
7053;0
7055;0
7057;0
7059;0
7061;0
7063;0
7065;0
7067;0
7069;0
7071;0
7073;0
7075;0
7077;0
7079;0
7081;0
7083;0
7085;0
7087;0
7089;0
7091;0
7093;0
7095;0
7097;0
7099;0
7101;0
7103;0
7105;0
7107;0
7109;0
7111;0
7113;0
7115;0
7117;0
7119;0
7121;0
7123;0
7125;0
7127;0
7129;0
7131;0
7133;0
7135;0
7137;0
7139;0
7141;0
7143;0
7145;0
7147;0
7149;0
7151;0
7153;0
7155;0
7157;0
7159;0
7161;0
7163;0
7165;0
7167;0
7169;0
7171;0
7173;0
7175;0
7177;0
7179;0
7181;0
7183;0
7185;0
7187;0
7189;0
7191;0
7193;0
7195;0
7197;0
7199;0
7201;0
7203;0
7205;0
7207;0
7209;0
7211;0
7213;0
7215;0
7217;0
7219;0
7221;0
7223;0
7225;0
7227;0
7229;0
7231;0
7233;0
7235;0
7237;0
7239;0
7241;0
7243;0
7245;0
7247;0
7249;0
7251;0
7253;0
7255;0
7257;0
7259;0
7261;0
7263;0
7265;0
7267;0
7269;0
7271;0
7273;0
7275;0
7277;0
7279;0
7281;0
7283;0
7285;0
7287;0
7289;0
7291;0
7293;0
7295;0
7297;0
7299;0
7301;0
7303;0
7305;0
7307;0
7309;0
7311;0
7313;0
7315;0
7317;0
7319;0
7321;0
7323;0
7325;0
7327;0
7329;0
7331;0
7333;0
7335;0
7337;0
7339;0
7341;0
7343;0
7345;0
7347;0
7349;0
7351;0
7353;0
7355;0
7357;0
7359;0
7361;0
7363;0
7365;0
7367;0
7369;0
7371;0
7373;0
7375;0
7377;0
7379;0
7381;0
7383;0
7385;0
7387;0
7389;0
7391;0
7393;0
7395;0
7397;0
7399;0
7401;0
7403;0
7405;0
7407;0
7409;0
7411;0
7413;0
7415;0
7417;0
7419;0
7421;0
7423;0
7425;0
7427;0
7429;0
7431;0
7433;0
7435;0
7437;0
7439;0
7441;0
7443;0
7445;0
7447;0
7449;0
7451;0
7453;0
7455;0
7457;0
7459;0
7461;0
7463;0
7465;0
7467;0
7469;0
7471;0
7473;0
7475;0
7477;0
7479;0
7481;0
7483;0
7485;0
7487;0
7489;0
7491;0
7493;0
7495;0
7497;0
7499;0
7501;0
7503;0
7505;0
7507;0
7509;0
7511;0
7513;0
7515;0
7517;0
7519;0
7521;0
7523;0
7525;0
7527;0
7529;0
7531;0
7533;0
7535;0
7537;0
7539;0
7541;0
7543;0
7545;0
7547;0
7549;0
7551;0
7553;0
7555;0
7557;0
7559;0
7561;0
7563;0
7565;0
7567;0
7569;0
7571;0
7573;0
7575;0
7577;0
7579;0
7581;0
7583;0
7585;0
7587;0
7589;0
7591;0
7593;0
7595;0
7597;0
7599;0
7601;0
7603;0
7605;0
7607;0
7609;0
7611;0
7613;0
7615;0
7617;0
7619;0
7621;0
7623;0
7625;0
7627;0
7629;0
7631;0
7633;0
7635;0
7637;0
7639;0
7641;0
7643;0
7645;0
7647;0
7649;0
7651;0
7653;0
7655;0
7657;0
7659;0
7661;0
7663;0
7665;0
7667;0
7669;0
7671;0
7673;0
7675;0
7677;0
7679;0
7681;0
7683;0
7685;0
7687;0
7689;0
7691;0
7693;0
7695;0
7697;0
7699;0
7701;0
7703;0
7705;0
7707;0
7709;0
7711;0
7713;0
7715;0
7717;0
7719;0
7721;0
7723;0
7725;0
7727;0
7729;0
7731;0
7733;0
7735;0
7737;0
7739;0
7741;0
7743;0
7745;0
7747;0
7749;0
7751;0
7753;0
7755;0
7757;0
7759;0
7761;0
7763;0
7765;0
7767;0
7769;0
7771;0
7773;0
7775;0
7777;0
7779;0
7781;0
7783;0
7785;0
7787;0
7789;0
7791;0
7793;0
7795;0
7797;0
7799;0
7801;0
7803;0
7805;0
7807;0
7809;0
7811;0
7813;0
7815;0
7817;0
7819;0
7821;0
7823;0
7825;0
7827;0
7829;0
7831;0
7833;0
7835;0
7837;0
7839;0
7841;0
7843;0
7845;0
7847;0
7849;0
7851;0
7853;0
7855;0
7857;0
7859;0
7861;0
7863;0
7865;0
7867;0
7869;0
7871;0
7873;0
7875;0
7877;0
7879;0
7881;0
7883;0
7885;0
7887;0
7889;0
7891;0
7893;0
7895;0
7897;0
7899;0
7901;0
7903;0
7905;0
7907;0
7909;0
7911;0
7913;0
7915;0
7917;0
7919;0
7921;0
7923;0
7925;0
7927;0
7929;0
7931;0
7933;0
7935;0
7937;0
7939;0
7941;0
7943;0
7945;0
7947;0
7949;0
7951;0
7953;0
7955;0
7957;0
7959;0
7961;0
7963;0
7965;0
7967;0
7969;0
7971;0
7973;0
7975;0
7977;0
7979;0
7981;0
7983;0
7985;0
7987;0
7989;0
7991;0
7993;0
7995;0
7997;0
7999;0
8001;0
8003;0
8005;0
8007;0
8009;0
8011;0
8013;0
8015;0
8017;0
8019;0
8021;0
8023;0
8025;0
8027;0
8029;0
8031;0
8033;0
8035;0
8037;0
8039;0
8041;0
8043;0
8045;0
8047;0
8049;0
8051;0
8053;0
8055;0
8057;0
8059;0
8061;0
8063;0
8065;0
8067;0
8069;0
8071;0
8073;0
8075;0
8077;0
8079;0
8081;0
8083;0
8085;0
8087;0
8089;0
8091;0
8093;0
8095;0
8097;0
8099;0
8101;0
8103;0
8105;0
8107;0
8109;0
8111;0
8113;0
8115;0
8117;0
8119;0
8121;0
8123;0
8125;0
8127;0
8129;0
8131;0
8133;0
8135;0
8137;0
8139;0
8141;0
8143;0
8145;0
8147;0
8149;0
8151;0
8153;0
8155;0
8157;0
8159;0
8161;0
8163;0
8165;0
8167;0
8169;0
8171;0
8173;0
8175;0
8177;0
8179;0
8181;0
8183;0
8185;0
8187;0
8189;0
8191;0
8193;0
8195;0
8197;0
8199;0
8201;0
8203;0
8205;0
8207;0
8209;0
8211;0
8213;0
8215;0
8217;0
8219;0
8221;0
8223;0
8225;0
8227;0
8229;0
8231;0
8233;0
8235;0
8237;0
8239;0
8241;0
8243;0
8245;0
8247;0
8249;0
8251;0
8253;0
8255;0
8257;0
8259;0
8261;0
8263;0
8265;0
8267;0
8269;0
8271;0
8273;0
8275;0
8277;0
8279;0
8281;0
8283;0
8285;0
8287;0
8289;0
8291;0
8293;0
8295;0
8297;0
8299;0
8301;0
8303;0
8305;0
8307;0
8309;0
8311;0
8313;0
8315;0
8317;0
8319;0
8321;0
8323;0
8325;0
8327;0
8329;0
8331;0
8333;0
8335;0
8337;0
8339;0
8341;0
8343;0
8345;0
8347;0
8349;0
8351;0
8353;0
8355;0
8357;0
8359;0
8361;0
8363;0
8365;0
8367;0
8369;0
8371;0
8373;0
8375;0
8377;0
8379;0
8381;0
8383;0
8385;0
8387;0
8389;0
8391;0
8393;0
8395;0
8397;0
8399;0
8401;0
8403;0
8405;0
8407;0
8409;0
8411;0
8413;0
8415;0
8417;0
8419;0
8421;0
8423;0
8425;0
8427;0
8429;0
8431;0
8433;0
8435;0
8437;0
8439;0
8441;0
8443;0
8445;0
8447;0
8449;0
8451;0
8453;0
8455;0
8457;0
8459;0
8461;0
8463;0
8465;0
8467;0
8469;0
8471;0
8473;0
8475;0
8477;0
8479;0
8481;0
8483;0
8485;0
8487;0
8489;0
8491;0
8493;0
8495;0
8497;0
8499;0
8501;0
8503;0
8505;0
8507;0
8509;0
8511;0
8513;0
8515;0
8517;0
8519;0
8521;0
8523;0
8525;0
8527;0
8529;0
8531;0
8533;0
8535;0
8537;0
8539;0
8541;0
8543;0
8545;0
8547;0
8549;0
8551;0
8553;0
8555;0
8557;0
8559;0
8561;0
8563;0
8565;0
8567;0
8569;0
8571;0
8573;0
8575;0
8577;0
8579;0
8581;0
8583;0
8585;0
8587;0
8589;0
8591;0
8593;0
8595;0
8597;0
8599;0
8601;0
8603;0
8605;0
8607;0
8609;0
8611;0
8613;0
8615;0
8617;0
8619;0
8621;0
8623;0
8625;0
8627;0
8629;0
8631;0
8633;0
8635;0
8637;0
8639;0
8641;0
8643;0
8645;0
8647;0
8649;0
8651;0
8653;0
8655;0
8657;0
8659;0
8661;0
8663;0
8665;0
8667;0
8669;0
8671;0
8673;0
8675;0
8677;0
8679;0
8681;0
8683;0
8685;0
8687;0
8689;0
8691;0
8693;0
8695;0
8697;0
8699;0
8701;0
8703;0
8705;0
8707;0
8709;0
8711;0
8713;0
8715;0
8717;0
8719;0
8721;0
8723;0
8725;0
8727;0
8729;0
8731;0
8733;0
8735;0
8737;0
8739;0
8741;0
8743;0
8745;0
8747;0
8749;0
8751;0
8753;0
8755;0
8757;0
8759;0
8761;0
8763;0
8765;0
8767;0
8769;0
8771;0
8773;0
8775;0
8777;0
8779;0
8781;0
8783;0
8785;0
8787;0
8789;0
8791;0
8793;0
8795;0
8797;0
8799;0
8801;0
8803;0
8805;0
8807;0
8809;0
8811;0
8813;0
8815;0
8817;0
8819;0
8821;0
8823;0
8825;0
8827;0
8829;0
8831;0
8833;0
8835;0
8837;0
8839;0
8841;0
8843;0
8845;0
8847;0
8849;0
8851;0
8853;0
8855;0
8857;0
8859;0
8861;0
8863;0
8865;0
8867;0
8869;0
8871;0
8873;0
8875;0
8877;0
8879;0
8881;0
8883;0
8885;0
8887;0
8889;0
8891;0
8893;0
8895;0
8897;0
8899;0
8901;0
8903;0
8905;0
8907;0
8909;0
8911;0
8913;0
8915;0
8917;0
8919;0
8921;0
8923;0
8925;0
8927;0
8929;0
8931;0
8933;0
8935;0
8937;0
8939;0
8941;0
8943;0
8945;0
8947;0
8949;0
8951;0
8953;0
8955;0
8957;0
8959;0
8961;0
8963;0
8965;0
8967;0
8969;0
8971;0
8973;0
8975;0
8977;0
8979;0
8981;0
8983;0
8985;0
8987;0
8989;0
8991;0
8993;0
8995;0
8997;0
8999;0
9001;0
9003;0
9005;0
9007;0
9009;0
9011;0
9013;0
9015;0
9017;0
9019;0
9021;0
9023;0
9025;0
9027;0
9029;0
9031;0
9033;0
9035;0
9037;0
9039;0
9041;0
9043;0
9045;0
9047;0
9049;0
9051;0
9053;0
9055;0
9057;0
9059;0
9061;0
9063;0
9065;0
9067;0
9069;0
9071;0
9073;0
9075;0
9077;0
9079;0
9081;0
9083;0
9085;0
9087;0
9089;0
9091;0
9093;0
9095;0
9097;0
9099;0
9101;0
9103;0
9105;0
9107;0
9109;0
9111;0
9113;0
9115;0
9117;0
9119;0
9121;0
9123;0
9125;0
9127;0
9129;0
9131;0
9133;0
9135;0
9137;0
9139;0
9141;0
9143;0
9145;0
9147;0
9149;0
9151;0
9153;0
9155;0
9157;0
9159;0
9161;0
9163;0
9165;0
9167;0
9169;0
9171;0
9173;0
9175;0
9177;0
9179;0
9181;0
9183;0
9185;0
9187;0
9189;0
9191;0
9193;0
9195;0
9197;0
9199;0
9201;0
9203;0
9205;0
9207;0
9209;0
9211;0
9213;0
9215;0
9217;0
9219;0
9221;0
9223;0
9225;0
9227;0
9229;0
9231;0
9233;0
9235;0
9237;0
9239;0
9241;0
9243;0
9245;0
9247;0
9249;0
9251;0
9253;0
9255;0
9257;0
9259;0
9261;0
9263;0
9265;0
9267;0
9269;0
9271;0
9273;0
9275;0
9277;0
9279;0
9281;0
9283;0
9285;0
9287;0
9289;0
9291;0
9293;0
9295;0
9297;0
9299;0
9301;0
9303;0
9305;0
9307;0
9309;0
9311;0
9313;0
9315;0
9317;0
9319;0
9321;0
9323;0
9325;0
9327;0
9329;0
9331;0
9333;0
9335;0
9337;0
9339;0
9341;0
9343;0
9345;0
9347;0
9349;0
9351;0
9353;0
9355;0
9357;0
9359;0
9361;0
9363;0
9365;0
9367;0
9369;0
9371;0
9373;0
9375;0
9377;0
9379;0
9381;0
9383;0
9385;0
9387;0
9389;0
9391;0
9393;0
9395;0
9397;0
9399;0
9401;0
9403;0
9405;0
9407;0
9409;0
9411;0
9413;0
9415;0
9417;0
9419;0
9421;0
9423;0
9425;0
9427;0
9429;0
9431;0
9433;0
9435;0
9437;0
9439;0
9441;0
9443;0
9445;0
9447;0
9449;0
9451;0
9453;0
9455;0
9457;0
9459;0
9461;0
9463;0
9465;0
9467;0
9469;0
9471;0
9473;0
9475;0
9477;0
9479;0
9481;0
9483;0
9485;0
9487;0
9489;0
9491;0
9493;0
9495;0
9497;0
9499;0
9501;0
9503;0
9505;0
9507;0
9509;0
9511;0
9513;0
9515;0
9517;0
9519;0
9521;0
9523;0
9525;0
9527;0
9529;0
9531;0
9533;0
9535;0
9537;0
9539;0
9541;0
9543;0
9545;0
9547;0
9549;0
9551;0
9553;0
9555;0
9557;0
9559;0
9561;0
9563;0
9565;0
9567;0
9569;0
9571;0
9573;0
9575;0
9577;0
9579;0
9581;0
9583;0
9585;0
9587;0
9589;0
9591;0
9593;0
9595;0
9597;0
9599;0
9601;0
9603;0
9605;0
9607;0
9609;0
9611;0
9613;0
9615;0
9617;0
9619;0
9621;0
9623;0
9625;0
9627;0
9629;0
9631;0
9633;0
9635;0
9637;0
9639;0
9641;0
9643;0
9645;0
9647;0
9649;0
9651;0
9653;0
9655;0
9657;0
9659;0
9661;0
9663;0
9665;0
9667;0
9669;0
9671;0
9673;0
9675;0
9677;0
9679;0
9681;0
9683;0
9685;0
9687;0
9689;0
9691;0
9693;0
9695;0
9697;0
9699;0
9701;0
9703;0
9705;0
9707;0
9709;0
9711;0
9713;0
9715;0
9717;0
9719;0
9721;0
9723;0
9725;0
9727;0
9729;0
9731;0
9733;0
9735;0
9737;0
9739;0
9741;0
9743;0
9745;0
9747;0
9749;0
9751;0
9753;0
9755;0
9757;0
9759;0
9761;0
9763;0
9765;0
9767;0
9769;0
9771;0
9773;0
9775;0
9777;0
9779;0
9781;0
9783;0
9785;0
9787;0
9789;0
9791;0
9793;0
9795;0
9797;0
9799;0
9801;0
9803;0
9805;0
9807;0
9809;0
9811;0
9813;0
9815;0
9817;0
9819;0
9821;0
9823;0
9825;0
9827;0
9829;0
9831;0
9833;0
9835;0
9837;0
9839;0
9841;0
9843;0
9845;0
9847;0
9849;0
9851;0
9853;0
9855;0
9857;0
9859;0
9861;0
9863;0
9865;0
9867;0
9869;0
9871;0
9873;0
9875;0
9877;0
9879;0
9881;0
9883;0
9885;0
9887;0
9889;0
9891;0
9893;0
9895;0
9897;0
9899;0
9901;0
9903;0
9905;0
9907;0
9909;0
9911;0
9913;0
9915;0
9917;0
9919;0
9921;0
9923;0
9925;0
9927;0
9929;0
9931;0
9933;0
9935;0
9937;0
9939;0
9941;0
9943;0
9945;0
9947;0
9949;0
9951;0
9953;0
9955;0
9957;0
9959;0
9961;0
9963;0
9965;0
9967;0
9969;0
9971;0
9973;0
9975;0
9977;0
9979;0
9981;0
9983;0
9985;0
9987;0
9989;0
9991;0
9993;0
9995;0
9997;0
9999;0
10001;0
10003;0
10005;0
10007;0
10009;0
10011;0
10013;0
10015;0
10017;0
10019;0
10021;0
10023;0
10025;0
10027;0
10029;0
10031;0
10033;0
10035;0
10037;0
10039;0
10041;0
10043;0
10045;0
10047;0
10049;0
10051;0
10053;0
10055;0
10057;0
10059;0
10061;0
10063;0
10065;0
10067;0
10069;0
10071;0
10073;0
10075;0
10077;0
10079;0
10081;0
10083;0
10085;0
10087;0
10089;0
10091;0
10093;0
10095;0
10097;0
10099;0
10101;0
10103;0
10105;0
10107;0
10109;0
10111;0
10113;0
10115;0
10117;0
10119;0
10121;0
10123;0
10125;0
10127;0
10129;0
10131;0
10133;0
10135;0
10137;0
10139;0
10141;0
10143;0
10145;0
10147;0
10149;0
10151;0
10153;0
10155;0
10157;0
10159;0
10161;0
10163;0
10165;0
10167;0
10169;0
10171;0
10173;0
10175;0
10177;0
10179;0
10181;0
10183;0
10185;0
10187;0
10189;0
10191;0
10193;0
10195;0
10197;0
10199;0
10201;0
10203;0
10205;0
10207;0
10209;0
10211;0
10213;0
10215;0
10217;0
10219;0
10221;0
10223;0
10225;0
10227;0
10229;0
10231;0
10233;0
10235;0
10237;0
10239;0
10241;0
10243;0
10245;0
10247;0
10249;0
10251;0
10253;0
10255;0
10257;0
10259;0
10261;0
10263;0
10265;0
10267;0
10269;0
10271;0
10273;0
10275;0
10277;0
10279;0
10281;0
10283;0
10285;0
10287;0
10289;0
10291;0
10293;0
10295;0
10297;0
10299;0
10301;0
10303;0
10305;0
10307;0
10309;0
10311;0
10313;0
10315;0
10317;0
10319;0
10321;0
10323;0
10325;0
10327;0
10329;0
10331;0
10333;0
10335;0
10337;0
10339;0
10341;0
10343;0
10345;0
10347;0
10349;0
10351;0
10353;0
10355;0
10357;0
10359;0
10361;0
10363;0
10365;0
10367;0
10369;0
10371;0
10373;0
10375;0
10377;0
10379;0
10381;0
10383;0
10385;0
10387;0
10389;0
10391;0
10393;0
10395;0
10397;0
10399;0
10401;0
10403;0
10405;0
10407;0
10409;0
10411;0
10413;0
10415;0
10417;0
10419;0
10421;0
10423;0
10425;0
10427;0
10429;0
10431;0
10433;0
10435;0
10437;0
10439;0
10441;0
10443;0
10445;0
10447;0
10449;0
10451;0
10453;0
10455;0
10457;0
10459;0
10461;0
10463;0
10465;0
10467;0
10469;0
10471;0
10473;0
10475;0
10477;0
10479;0
10481;0
10483;0
10485;0
10487;0
10489;0
10491;0
10493;0
10495;0
10497;0
10499;0
10501;0
10503;0
10505;0
10507;0
10509;0
10511;0
10513;0
10515;0
10517;0
10519;0
10521;0
10523;0
10525;0
10527;0
10529;0
10531;0
10533;0
10535;0
10537;0
10539;0
10541;0
10543;0
10545;0
10547;0
10549;0
10551;0
10553;0
10555;0
10557;0
10559;0
10561;0
10563;0
10565;0
10567;0
10569;0
10571;0
10573;0
10575;0
10577;0
10579;0
10581;0
10583;0
10585;0
10587;0
10589;0
10591;0
10593;0
10595;0
10597;0
10599;0
10601;0
10603;0
10605;0
10607;0
10609;0
10611;0
10613;0
10615;0
10617;0
10619;0
10621;0
10623;0
10625;0
10627;0
10629;0
10631;0
10633;0
10635;0
10637;0
10639;0
10641;0
10643;0
10645;0
10647;0
10649;0
10651;0
10653;0
10655;0
10657;0
10659;0
10661;0
10663;0
10665;0
10667;0
10669;0
10671;0
10673;0
10675;0
10677;0
10679;0
10681;0
10683;0
10685;0
10687;0
10689;0
10691;0
10693;0
10695;0
10697;0
10699;0
10701;0
10703;0
10705;0
10707;0
10709;0
10711;0
10713;0
10715;0
10717;0
10719;0
10721;0
10723;0
10725;0
10727;0
10729;0
10731;0
10733;0
10735;0
10737;0
10739;0
10741;0
10743;0
10745;0
10747;0
10749;0
10751;0
10753;0
10755;0
10757;0
10759;0
10761;0
10763;0
10765;0
10767;0
10769;0
10771;0
10773;0
10775;0
10777;0
10779;0
10781;0
10783;0
10785;0
10787;0
10789;0
10791;0
10793;0
10795;0
10797;0
10799;0
10801;0
10803;0
10805;0
10807;0
10809;0
10811;0
10813;0
10815;0
10817;0
10819;0
10821;0
10823;0
10825;0
10827;0
10829;0
10831;0
10833;0
10835;0
10837;0
10839;0
10841;0
10843;0
10845;0
10847;0
10849;0
10851;0
10853;0
10855;0
10857;0
10859;0
10861;0
10863;0
10865;0
10867;0
10869;0
10871;0
10873;0
10875;0
10877;0
10879;0
10881;0
10883;0
10885;0
10887;0
10889;0
10891;0
10893;0
10895;0
10897;0
10899;0
10901;0
10903;0
10905;0
10907;0
10909;0
10911;0
10913;0
10915;0
10917;0
10919;0
10921;0
10923;0
10925;0
10927;0
10929;0
10931;0
10933;0
10935;0
10937;0
10939;0
10941;0
10943;0
10945;0
10947;0
10949;0
10951;0
10953;0
10955;0
10957;0
10959;0
10961;0
10963;0
10965;0
10967;0
10969;0
10971;0
10973;0
10975;0
10977;0
10979;0
10981;0
10983;0
10985;0
10987;0
10989;0
10991;0
10993;0
10995;0
10997;0
10999;0
11001;0
11003;0
11005;0
11007;0
11009;0
11011;0
11013;0
11015;0
11017;0
11019;0
11021;0
11023;0
11025;0
11027;0
11029;0
11031;0
11033;0
11035;0
11037;0
11039;0
11041;0
11043;0
11045;0
11047;0
11049;0
11051;0
11053;0
11055;0
11057;0
11059;0
11061;0
11063;0
11065;0
11067;0
11069;0
11071;0
11073;0
11075;0
11077;0
11079;0
11081;0
11083;0
11085;0
11087;0
11089;0
11091;0
11093;0
11095;0
11097;0
11099;0
11101;0
11103;0
11105;0
11107;0
11109;0
11111;0
11113;0
11115;0
11117;0
11119;0
11121;0
11123;0
11125;0
11127;0
11129;0
11131;0
11133;0
11135;0
11137;0
11139;0
11141;0
11143;0
11145;0
11147;0
11149;0
11151;0
11153;0
11155;0
11157;0
11159;0
11161;0
11163;0
11165;0
11167;0
11169;0
11171;0
11173;0
11175;0
11177;0
11179;0
11181;0
11183;0
11185;0
11187;0
11189;0
11191;0
11193;0
11195;0
11197;0
11199;0
11201;0
11203;0
11205;0
11207;0
11209;0
11211;0
11213;0
11215;0
11217;0
11219;0
11221;0
11223;0
11225;0
11227;0
11229;0
11231;0
11233;0
11235;0
11237;0
11239;0
11241;0
11243;0
11245;0
11247;0
11249;0
11251;0
11253;0
11255;0
11257;0
11259;0
11261;0
11263;0
11265;0
11267;0
11269;0
11271;0
11273;0
11275;0
11277;0
11279;0
11281;0
11283;0
11285;0
11287;0
11289;0
11291;0
11293;0
11295;0
11297;0
11299;0
11301;0
11303;0
11305;0
11307;0
11309;0
11311;0
11313;0
11315;0
11317;0
11319;0
11321;0
11323;0
11325;0
11327;0
11329;0
11331;0
11333;0
11335;0
11337;0
11339;0
11341;0
11343;0
11345;0
11347;0
11349;0
11351;0
11353;0
11355;0
11357;0
11359;0
11361;0
11363;0
11365;0
11367;0
11369;0
11371;0
11373;0
11375;0
11377;0
11379;0
11381;0
11383;0
11385;0
11387;0
11389;0
11391;0
11393;0
11395;0
11397;0
11399;0
11401;0
11403;0
11405;0
11407;0
11409;0
11411;0
11413;0
11415;0
11417;0
11419;0
11421;0
11423;0
11425;0
11427;0
11429;0
11431;0
11433;0
11435;0
11437;0
11439;0
11441;0
11443;0
11445;0
11447;0
11449;0
11451;0
11453;0
11455;0
11457;0
11459;0
11461;0
11463;0
11465;0
11467;0
11469;0
11471;0
11473;0
11475;0
11477;0
11479;0
11481;0
11483;0
11485;0
11487;0
11489;0
11491;0
11493;0
11495;0
11497;0
11499;0
11501;0
11503;0
11505;0
11507;0
11509;0
11511;0
11513;0
11515;0
11517;0
11519;0
11521;0
11523;0
11525;0
11527;0
11529;0
11531;0
11533;0
11535;0
11537;0
11539;0
11541;0
11543;0
11545;0
11547;0
11549;0
11551;0
11553;0
11555;0
11557;0
11559;0
11561;0
11563;0
11565;0
11567;0
11569;0
11571;0
11573;0
11575;0
11577;0
11579;0
11581;0
11583;0
11585;0
11587;0
11589;0
11591;0
11593;0
11595;0
11597;0
11599;0
11601;0
11603;0
11605;0
11607;0
11609;0
11611;0
11613;0
11615;0
11617;0
11619;0
11621;0
11623;0
11625;0
11627;0
11629;0
11631;0
11633;0
11635;0
11637;0
11639;0
11641;0
11643;0
11645;0
11647;0
11649;0
11651;0
11653;0
11655;0
11657;0
11659;0
11661;0
11663;0
11665;0
11667;0
11669;0
11671;0
11673;0
11675;0
11677;0
11679;0
11681;0
11683;0
11685;0
11687;0
11689;0
11691;0
11693;0
11695;0
11697;0
11699;0
11701;0
11703;0
11705;0
11707;0
11709;0
11711;0
11713;0
11715;0
11717;0
11719;0
11721;0
11723;0
11725;0
11727;0
11729;0
11731;0
11733;0
11735;0
11737;0
11739;0
11741;0
11743;0
11745;0
11747;0
11749;0
